-33.8281	0.996482	0.736753	40
-100	0	0	40
-100	0	0	40
-100	0	0	40
-100	0	0	40
-100	0	0	40
-100	0	0	40
-100	0	0	40
-100	0	0	40
-100	0	0	40
-100	0	0	40
-100	0	0	40
-100	0	0	40
-100	0	0	40
-100	0	0	40
-100	0	0	40
-100	0	0	40
-100	0	0	40
-100	0	0	40
-100	0	0	40
-100	0	0	40
-100	0	0	40
-100	0	0	40
-100	0	0	40
-100	0	0	40
-100	0	0	40
-100	0	0	40
-100	0	0	40
-100	0	0	40
-100	0	0	40
-100	0	0	40
-62.8217	0	0	40
-58.1997	0	0	40
-100	0	0	40
-40.2867	0.301108	0.0148753	205
-46.8799	0.126655	0.231401	205
-79.8649	-0.465163	0	40
-52.5289	-0.133983	0	40
-75.3085	0	0	40
-100	0	0	40
-69.7265	0.19768	0	40
-28.7405	0.844254	0.160856	40
-15.2326	0.890674	0.351659	64
1.68803	0.918383	0.577008	79
2.07965	0.916907	0.612523	80
1.87473	0.929335	0.781008	82
-1.4721	0.926803	0.825701	79
-2.5646	0.947476	0.880145	79
-2.09698	0.966811	0.836915	80
-14.0609	0.951389	0.62575	80
-62.2335	0.0300993	0	43
-100	0	0	40
-28.6748	0.129359	0.00688096	40
-11.8632	0.546536	0.119854	96
-9.03967	0.298858	0.251149	97
-8.06392	0.920217	0.793003	70
-6.46351	0.985543	0.915489	72
-5.58016	0.979503	0.892367	72
0.392332	0.966591	0.686427	72
0.520415	0.940906	0.871744	72
-0.100646	0.938416	0.876065	70
0.568531	0.928817	0.856135	67
-0.705777	0.918793	0.87046	64
-2.66741	0.94484	0.888977	62
-4.07259	0.904588	0.826697	60
-5.6931	0.583424	0.363897	129
-20.1047	0.582186	0.305297	78
-39.9868	0.40755	0.0988812	188
-50.1825	0.328521	0.109875	172
-49.0118	0.218626	0	40
-28.9179	0.227148	0	40
-41.8209	-0.00506669	0.18063	60
-16.3932	-0.670606	0.2003	50
-13.5236	-0.522828	0.191757	122
-11.3433	-0.438403	0.157913	77
-19.7069	-0.0548085	0.152906	82
-16.3909	0.323092	0.255211	78
-14.9639	0.479265	0.251074	59
-15.0737	0.805918	0.687882	68
-13.2332	0.925079	0.83348	71
-15.1001	0.862433	0.77326	73
-19.3863	0.727916	0.434843	71
-9.53593	0.926342	0.777156	69
-5.30067	0.912388	0.888209	69
-4.99011	0.913755	0.90105	68
-5.17777	0.927016	0.91492	68
-5.06624	0.927391	0.916678	68
-5.06602	0.936064	0.913453	68
-5.37754	0.957184	0.917375	68
-5.417	0.974352	0.920128	68
-5.52294	0.968461	0.915654	68
-7.96516	0.977383	0.889639	69
-19.7941	0.93827	0.764487	71
-40.6141	0.24849	0.149664	65
-40.0578	0.00525875	0.17667	61
-28.9107	0.00747133	0.131036	73
-27.7943	0.341755	0.121552	242
-30.1506	0.237277	0.178937	248
-40.6447	-0.0554747	0.214132	100
-37.0414	0.953052	0.214044	66
-11.5103	0.973778	0.662642	87
-5.60373	0.978236	0.845964	90
-5.78734	0.976944	0.868442	92
-6.9811	0.975128	0.836869	93
-9.56574	0.976083	0.829037	92
-17.5753	0.953097	0.745578	91
-33.8655	0.170696	0.146156	100
-24.0914	-0.258772	0.12343	83
-18.5146	-0.567296	0.166693	59
-17.7027	-0.714296	0.188611	43
-17.7542	-0.732753	0.155141	114
-16.5255	-0.740148	0.198461	195
-14.4529	-0.639493	0.18881	66
-18.4127	-0.490227	0.247603	69
-48.3036	0.0524116	0.229661	52
-35.7609	0.481654	0.289658	115
-20.3539	0.727439	0.464263	110
-9.21353	0.82047	0.518257	47
-5.15062	0.891668	0.597634	86
-12.3493	0.963862	0.822738	81
-12.837	0.995198	0.88799	83
-11.2916	0.99584	0.891437	85
-10.9343	0.99577	0.891137	86
-11.1386	0.994405	0.890476	85
-11.7707	0.987048	0.88603	83
-11.7173	0.953345	0.86743	82
-9.96933	0.955804	0.855932	80
-6.60835	0.968815	0.861505	79
-4.0725	0.973817	0.879307	79
-4.37647	0.977345	0.893502	80
-4.92695	0.976339	0.883883	81
-6.72882	0.972607	0.876684	81
-10.4472	0.967833	0.843498	81
-18.3944	0.90177	0.674376	82
-19.817	-0.379495	0.164791	46
-15.1165	-0.601507	0.176942	46
-13.117	-0.697591	0.156598	71
-12.3964	-0.722799	0.15465	87
-10.0781	-0.774047	0.203651	107
-8.6891	-0.787284	0.198766	174
-9.85146	-0.761017	0.222297	78
-9.62519	-0.726137	0.162898	99
-11.7227	-0.708359	0.202518	64
-19.4637	-0.316088	0.1229	114
-7.01931	0.967446	0.683422	69
-0.345672	0.96686	0.861949	72
-1.60817	0.948006	0.868399	75
-1.76294	0.955587	0.876141	77
-2.01032	0.95514	0.873935	79
-2.64423	0.958681	0.851659	82
-3.67841	0.967747	0.869475	85
-4.21251	0.974665	0.862824	88
-5.0433	0.968098	0.839547	92
-6.86113	0.964217	0.843658	93
-9.06666	0.970479	0.83472	94
-15.5737	0.94672	0.791879	95
-22.6456	0.867119	0.63734	90
-25.0683	0.680168	0.286857	94
-27.7625	0.599517	0.271757	80
-35.2207	0.502462	0.196201	98
-43.8018	0.180572	0.195045	283
-41.0099	0.166143	0.113014	107
-39.4356	0.195973	0.134951	149
-38.7507	0.0776485	0.219224	105
-34.1807	0.0539533	0.134528	57
-41.9866	0.0242544	0.124188	60
-43.6118	0.0272432	0.254307	51
-41.1251	0.000233566	0.195328	130
-45.4265	0	0.194095	197
-55.159	0	0.236656	153
-33.3218	0.182545	0.0173592	47
-52.8028	0.19074	0.00794656	43
-100	0	0	40
-100	0	0	40
-100	0	0	40
-100	0	0	40
-100	0	0	40
-100	0	0	40
-100	0	0	40
-100	0	0	40
-100	0	0	40
-100	0	0	40
-100	0	0	40
-100	0	0	40
-100	0	0	40
-100	0	0	40
-100	0	0	40
-100	0	0	40
-100	0	0	40
-100	0	0	40
-100	0	0	40
-100	0	0	40
-100	0	0	40
-100	0	0	40
-100	0	0	40
-100	0	0	40
-100	0	0	40
-100	0	0	40
